              precision    recall  f1-score   support

    airplane     0.8719    0.8100    0.8398      1000
  automobile     0.9234    0.8920    0.9074      1000
        bird     0.8333    0.6850    0.7519      1000
         cat     0.6097    0.7640    0.6782      1000
        deer     0.7397    0.8040    0.7705      1000
         dog     0.8000    0.7200    0.7579      1000
        frog     0.8394    0.8780    0.8583      1000
       horse     0.8966    0.7800    0.8342      1000
        ship     0.8656    0.8820    0.8737      1000
       truck     0.8484    0.9400    0.8918      1000

    accuracy                         0.8155     10000
   macro avg     0.8228    0.8155    0.8164     10000
weighted avg     0.8228    0.8155    0.8164     10000
